SetDesc: "PDFs of positron obtained in the 5FS."
Authors: F.Garosi, D.Marzocca and S.Trifinopoulos
Reference: 2303.16964
PdfType: central 
Format: lhagrid1
DataVersion: 1
NumMembers: 1
Particle: 11
Flavors: [11	11	12	13	13	14	15	15	16	-11	-11	-12	-13	-13	-14	-15	-15	-16	1	1	2	2	3	3	4	4	5	5	-1	-1	-2	-2	-3	-3	-4	-4	-5	-5	21	21	22	22	23	23	23	2223	2223	24	24	24	-24	-24	-24	25	2523]
Helicity: [-	+	-	-	+	-	-	+	-	+	-	+	+	-	+	+	-	+	-	+	-	+	-	+	-	+	-	+	+	-	+	-	+	-	+	-	+	-	+	-	+	-	+	-	0	+	-	+	-	0	+	-	0	0	0]
OrderQCD: 0
ForcePositive: 0
FlavorScheme: fixed
NumFlavors: 5
XMin: 1e-06
XMax: 1
QMin: 9.9868370e+00
QMax: 1.1046460e+004
MMuon: 0.1056584
MTau: 1.78
MW: 80.379
MZ: 91.1876
MHiggs: 125.25
MUp: 0
MDown: 0
MStrange: 0
MCharm: 1.29
MBottom: 4.18
Q_QCD: 0.7
AlphaS_MZ: 0.117982
AlphaS_OrderQCD: 3
AlphaS_Type: ipol
AlphaS_Qs: [5.200000e-001, 6.676932e-001, 8.573351e-001, 1.100840e+000, 1.413507e+000, 1.814978e+000, 2.330478e+000, 2.992393e+000, 3.842309e+000, 4.933623e+000, 6.334897e+000, 8.134169e+000, 1.044448e+001, 1.341098e+001, 1.722004e+001, 2.211096e+001, 2.839104e+001, 3.645481e+001, 4.680891e+001, 6.010383e+001, 7.717484e+001, 9.909446e+001, 1.272398e+002, 1.633791e+002, 2.097830e+002, 2.693667e+002, 3.458736e+002, 4.441106e+002, 5.702492e+002, 7.322145e+002, 9.401821e+002, 1.207218e+003, 1.550098e+003, 1.990365e+003, 2.555680e+003, 3.281558e+003, 4.213604e+003, 5.410374e+003, 6.947058e+003, 8.920199e+003, 1.145376e+004, 1.470692e+004, 1.888406e+004, 2.424761e+004, 3.113455e+004, 3.997756e+004, 5.133220e+004, 6.591185e+004, 8.463249e+004, 1.086703e+005]
AlphaS_Vals: [1.940162e+000, 7.628886e-001, 5.367480e-001, 4.247334e-001, 3.578471e-001, 3.132930e-001, 2.792927e-001, 2.523730e-001, 2.304627e-001, 2.133792e-001, 1.992541e-001, 1.869478e-001, 1.761231e-001, 1.665225e-001, 1.579456e-001, 1.502341e-001, 1.432610e-001, 1.369234e-001, 1.311368e-001, 1.258313e-001, 1.209484e-001, 1.164387e-001, 1.122606e-001, 1.083816e-001, 1.051097e-001, 1.020322e-001, 9.913213e-002, 9.639449e-002, 9.380588e-002, 9.135436e-002, 8.902925e-002, 8.682095e-002, 8.472079e-002, 8.272096e-002, 8.081441e-002, 7.899470e-002, 7.725599e-002, 7.559297e-002, 7.400075e-002, 7.247489e-002, 7.101129e-002, 6.960620e-002, 6.825616e-002, 6.695797e-002, 6.570869e-002, 6.450559e-002, 6.334613e-002, 6.222798e-002, 6.114895e-002, 6.010702e-002]